27876245
30764553
30211960
30727703
27723118
30240449
30516295
30589852
28815803
29175374
30579140
29873710
31480260
27783332
30323577
29693571
28445277
28752507
29730247
26809492
30276766
28802331
29272763
29624580
31096454
30424813
30608587
28515189
30833322
28752508
31096476
29465594
30521995
28077135
31273352
27332431
31870361
27172935
28361405
29908766
28884784
28558029
28963293
28679673
27491287
30947595
29861208
28219357
29488144
28494994
27991418
28100075
28213305
29481993
27348711
31167441
29219938
30987264
29415688
30313049
30648314
27176745
31383022
29704659
30586400
30122581
29194539
27585979
31300322
31164130
30264375
32228808
31433202
28911662
28594092
31267646
31029265
30075592
31477104
31248659
27052114
31536611
26731557
29501070
30479027
31799935
29033109
30466187
30648239
30760249
31752791
30274936
31239301
27073041
28471960
30823367
31471222
31593109
30981057
29847653
29954703
30177489
30054112
29360736
30852529
29903010
28217938
28838246
30875672
30946325
31747429
31914046
30448092
31426781
29544612
31027123
29145407
31131891
29857437
29179881
31710856
31660863
28809934
30706354
29190572
27287671
28436278
31374345
29715272
29057990
30681554
26811230
30036974
29316009
30882685
30060176
29462914
29262809
31688553
31088562
30510378
30865106
29430641
30118835
28390753
26432033
31242251
30216996
28481318
31517851
29405014
29356425
29856821
30313085
26940114
30400380
28671319
30528501
29045916
27302718
31484551
29726724
31152300
29066257
29369913
27090345
28499829
29502088
30801679
29727071
30144247
30917868
30486808
30832451
29555406
29439699
27484184
26243356
30637434
30529565
28629889
31182451
28077410
30439795
29656531
30357399
30753196
31449926
30474297
31174477
29049933
30486324
28075362
30896581
30878976
28768504
30734309
29648667
31888553
27587229
30553496
31048180
30097352
29843158
30711255
29368644
30073771
30464186
29953717
31351690
29609583
31435817
30086726
29855344
30193140
28028581
28350822
31300323
27525828
29887231
26506918
30487230
31184810
31442732
28125643
27430323
31177485
28416268
32590763
29925476
30852520
28600947
28268255
28621741
25573837
29554872
30772103
28942131
30149514
30663207
27346658
26667822
31027125
28347338
30046928
28486670
28498027
29540710
31540463
26152649
30406283
28484073
30172997
27564849
31588690
27082591
30903193
27087607
29306696
30021755
28614417
30990838
29073576
30971176
29660754
28709117
30917552
30347402
30497430
26966867
27785583
26660443
30044880
26618516
28939060
29419677
27781262
29975405
30225911
28374978
30134253
28947439
27241318
29019947
28628663
30717985
31841525
30981998
27653883
28528281
31589615
28834008
29142034
30762752
26987938
32046698
30609223
28273396
29739652
29314287
29729227
29246826
27247857
26441266
29587654
28699801
29121912
28254448
30091279
30735232
28834888
27235298
29324771
28000517
28002758
26123636
27471847
29971583
31302516
27266775
26458490
26776448
27161941
28245660
28640130
27412825
29929519
26740347
28126449
26426583
31770221
27353023
28472944
29112198
27829341
29360765
30196144
26544610
28851532
28645973
30004591
31151209
26588942
29353796
27336627
26863266
27412100
26902167
30308548
30612882
30071598
31881760
30111370
30897382
28062748
29804817
27046720
28458048
27783998
30739818
27029408
31129317
28591052
29068988
28715497
28189286
27986394
27246487
28821915
28682885
27382919
31443267
31731830
27473531
30074083
28767574
30301867
30907203
27745901
30275006
27638963
29177633
30811679
28359982
31076151
30796123
28225713
30357471
30986765
28456789
28489782
29136234
28489799
29953019
27463687
27310101
28376876
28162091
27560377
27362733
28190545
31686802
29267371
28029721
32026455
30765404
30469097
26799201
28410410
28817654
26802077
27149469
28123289
28124984
27769222
29157256
27082581
30604311
30329162
31948027
30098854
26988075
28598507
31992379
28554781
27120256
28906354
27464297
28322095
29036872
29157595
25066707
27000288
29042385
28691253
28017214
28254222
27594184
28301063
28640005
27986440
28102720
27412399
28279996
27511477
29261145
28467611
28325860
27282227
28628885
27473449
27723283
28485181
28981404
30821331
28591057
26541757
29129247
27661113
28322446
28174317
26831204
27480736
27780591
26920792
28885373
27026554
28672017
28438547
26817890
28838901
27659718
26724518
26817904
27052963
27496130
26808711
27796255
26962782
31016749
26720586
27187426
28482057
27775209
27614252
27464318
26847976
29190632
28179465
28805597
27638973
27336912
28422731
26969404
28815788
28832680
26992286
28092798
31945329
27568233
28443526
31976744
27265817
29370933
26678003
29243055
29688762
26799629
29728313
30782728
28806741
28135194
28482714
29327353
27587088
28735919
27915077
31280142
27539679
28471951
26864827
31195853
30316381
30852211
27007574
28296941
27343310
28099356
30577824
30091215
32541501
27846774
27117886
31025812
26692399
27321311
29871388
26755087
27054711
29108967
26791195
26650968
28215247
30820823
29364952
29329323
29974616
27035574
29565957
32304508
28531317
26919054
27779566
26985740
30281143
25354161
28219896
28092801
30901168
26588887
28181332
26807681
28556807
28104794
31306910
31437961
29059229
30816617
27607037
30070358
31895788
28781299
27230065
29400021
30776767
23400216
27090209
27497294
27139916
30382356
30759128
29393220
28249260
28743610
27196495
26519764
28368479
26905307
28838982
31096317
28824028
27744223
26680239
27821818
28963819
26719377
28667203
27517652
26584246
27029523
28495003
31101695
29406043
28582646
30335825
30329169
29425665
27052491
31250012
30219950
27649414
26585701
28112193
28179271
28965652
27286483
29426752
26508469
29168165
28633538
29678043
29704658
30177036
27177537
28620978
28392483
30032646
29036295
28585768
29437757
29037550
31116786
29095411
26585639
30509305
28248851
30889818
28486477
29301669
28140730
31291221
30528570
30707991
28760495
29356052
31140560
28885353
26892317
29929494
29207544
30054929
30311951
28226032
31546833
29982715
27057841
27169492
28297597
31574134
27586402
31698872
29970331
29390977
26389977
28339643
26359806
29068909
31372849
27043699
27465711
28749243
28284553
28213123
29993144
31365110
27405933
28441428
30297250
31290006
27583856
29315158
29405017
29106506
28856464
29067572
27154177
29705013
27045538
27644771
28888149
26765405
28389522
30898803
30213203
29459223
31405118
26886642
30795765
29167998
28231744
27245632
30049978
30463626
27377212
30165744
30706096
30840789
31251824
28744942
28498295
31359236
27571924
29194450
29076624
28828383
29069030
28475591
28650921
28637729
28528563
28479115
28872268
30781634
30328149
29748599
29304178
28667825
27631237
31477181
29641581
28993387
27273242
26179222
28890037
31590971
27534653
28645971
27227925
30469385
30244213
32195973
28464230
29505537
26920930
31860966
28855193
27171415
27346848
27684861
26844517
26433909
29016468
28844585
26678982
30928959
29321162
31509567
26886647
27100455
31888649
27805040
29956406
28245860
29122803
29751509
26488896
30345644
32011498
29229082
28429098
25850562
27428195
31489891
28363455
31847232
30192445
28288600
30869041
32011437
26840257
29746944
27631224
27476980
26433758
28258852
27442640
28805599
30467301
28384235
25442876
28160009
32392675
26857028
28093437
30882680
31540817
30677590
27018993
30216411
29858589
29866727
28658289
31010236
28281097
28575014
28169209
27638910
31709455
27428221
30391109
27684836
28683023
30782710
30825841
28331966
26871697
30392979
27751412
29230549
28295637
27751407
30910154
30629254
28694040
27416989
31714425
29045621
26799202
26115971
29888974
26500174
28364427
31234478
28060955
30580795
29560612
29954747
29174930
27974236
29934268
26808906
28468786
27889598
28356725
27563023
28992891
27838292
27685603
27377896
28813433
28916233
31462180
30060567
28257796
26817903
27666578
28188252
30880092
30052590
28737121
30201734
27064246
27580216
28353494
27486978
30037624
29923012
30734582
31815145
28129999
30422689
26338181
26586483
27231197
30188943
28276869
31152025
26678007
30332806
31145020
31513648
30303835
29734656
27941418
30908962
29193638
27389437
30607465
30242456
31260487
31852074
29284721
30601079
29947768
29718849
28148250
26768128
26919462
32080143
29668602
28078393
30411796
29853017
27023589
28797986
28057218
27861146
28340303
28782528
27559951
28013414
26549311
28288438
31207596
31398850
25985261
28922715
27614945
30497462
26941271
29206719
29132648
29232865
31614442
27966781
30032473
30025087
27729087
31199837
29778776
27787346
30536640
26659711
29564861
29408915
28257449
28707364
27902443
28380432
25772342
27913699
30412615
27255780
30079449
27643962
28834956
30989681
26792483
31104166
29398913
28470725
28665160
29634741
29467133
28735920
31085315
26731408
29216345
29695760
28421357
26455488
29989310
28807849
27012876
30467052
31344786
26135778
28967041
27320585
31062428
30154502
29371286
31408465
26408009
27745821
28397874
29982482
30252873
31328958
30957143
30003361
31398817
27495077
27166152
28039419
28793879
28387607
27310995
30442087
29705533
31308650
28458117
30455867
28666060
30567819
30511361
27864941
27603402
27932514
30176847
31286139
27711168
30334985
28813508
30722101
29982207
26604107
31225600
30388167
28002845
27393864
26703428
28991722
31640644
27199016
30275689
26975877
27155828
26844465
29662119
30195556
26250942
26945419
32031342
28982831
29878253
26522135
29897986
28056095
28458305
26844504
28488152
30865662
27572822
29499067
26962775
27518196
30726952
27786368
31099862
30962144
30376997
25442862
29420551
28827251
27399682
26644502
30133455
29424065
26612484
30395639
29743147
27236426
29720151
30839158
28562549
27498702
28653270
31547202
29032572
29359602
26886653
30671749
30232530
27727075
30726282
31033911
28207767
27508414
28747284
28934668
29037552
30771732
30200166
25944704
26890537
28062929
32075642
30238506
27505150
28601370
28742105
27044009
27015218
29164302
29848102
27858121
27082563
26945371
30373203
28628626
29605366
28135899
28394903
28899350
31277086
26721264
29028676
26834219
31477486
30939773
27302847
27125406
30635015
27428241
26460000
27001739
31122532
30912848
28651752
27082416
28412726
30324414
29982211
28698490
30865675
30358742
26821967
27006513
27044476
27479599
28666024
29407535
27741118
28069909
28827478
29859379
27196450
27082549
28885331
27196496
27852248
29996856
28784164
28837700
26986005
28899896
31366644
30915358
32063700
28110730
30610997
31133521
27992461
30122576
28163114
28526230
29945009
26911158
27823899
29862599
29956875
30734048
31464406
30650103
28296786
28350761
27729382
27512890
29875338
27832325
28196132
26937925
29866173
31744504
29194494
27234767
31045823
29069025
29373474
26954498
28681508
29396235
26986132
26852187
26735545
30513932
27870801
28328577
29137082
30143020
29522912
31673105
28199975
29325484
28288163
27540047
26593214
29460733
28687250
31590116
31514966
27238189
30633771
31118242
26611115
28951229
28434021
28073770
31766214
29843917
27774322
28759627
29577672
26765434
28199356
27336897
30192890
28856767
28801847
28810160
26945404
27512856
30048527
26614589
28076967
29425383
28073582
29247973
28837085
31118004
26662347
30412060
30276769
32092112
31454569
26961997
31348269
31770243
28126434
30660021
29427001
27756361
29746578
28646854
30804144
29157231
29782526
27435692
29166672
32017810
30082816
31279334
28229293
29572399
27448674
30977931
27262640
30589620
28087547
27936468
30127260
26851825
27336869
29459495
27470424
27399144
26986166
27863367
27149491
29441652
32389104
26945422
26861510
29769253
26987933
28170005
30468566
30397009
25435548
27566677
26301384
28610562
28596687
27317483
25852154
28911598
26370535
27987648
29983555
26842603
31917196
28962887
31976327
27539946
30818841
31255536
27093172
27397567
31676114
31096939
32481358
26364850
30075608
28122837
27798703
28805607
28272246
31749971
28771810
29973163
28158768
30653098
28374044
27467265
28353612
30104297
30778546
30928186
31005924
29684030
26889592
28072697
27336884
31071545
28316075
31935226
31013982
30219465
27006349
27787382
30936249
29957398
30200143
26341513
29100666
28771753
29761323
29338688
28735503
27410999
27826052
29498207
29808610
26973148
29244265
28363684
29551615
30445550
28408618
28630085
29095920
28422144
29979428
28199870
27388574
27175700
28528337
30578037
26937918
27485041
28388977
28192452
30682846
30740891
27639806
27653993
29636198
28756959
29541822
28751032
26818924
29266732
31366655
31111978
26900828
26126579
29216485
28378881
26817887
30652987
27258514
30689178
26844484
28207515
30626332
28004164
29765586
30813549
29028675
30652619
30403445
30458691
27127323
27196497
27809870
27196655
30934611
27872260
27469240
31272565
26370121
29522553
31389066
29437602
28160872
30830314
28088773
26370689
28377254
29859848
27861490
29987915
31146749
27363856
28291799
29596539
30178191
29049192
26474422
26235679
29084626
30278576
28366662
30469533
26494183
28151890
29315204
27100450
30348492
30312818
30692587
26892933
28898259
31470499
28130709
27779822
29419688
27124024
31238159
30910150
27896931
27495088
31614776
31422402
27521582
31020627
27302557
26765476
29243407
30608391
26773538
31881878
30171667
29530869
31783136
30479319
27336904
26579956
28483705
27552595
31328455
29257095
28851349
28988890
29141875
30189048
28605443
27272332
30653544
26850784
27536881
30527437
30711633
32502119
27227953
28163280
26927153
26521982
29216286
31514400
29017085
28865327
29302859
27696367
28166522
29522577
27633939
30665822
27741128
27388194
28301536
27386835
30640923
28884595
32074125
27712633
27832203
31075943
29297057
31035790
27409676
29969675
27943609
27234780
29325919
30091989
29293591
31603946
27893679
31436892
30855505
28382798
31639832
27863647
26711703
28546745
30969183
29151046
28698956
31540449
27690067
29609841
26962834
27866208
30856494
32358388
29374659
29866058
29642154
30625182
28986076
31125347
30830937
26586037
31169724
29304089
26817897
28081567
31861460
29472193
27599578
30466799
30712377
27843049
29425961
28858086
29145244
27310478
30386108
28814359
26932391
30301543
28767586
31441882
30935119
28768645
28542272
28186508
28044464
31035218
26453199
26194149
27311001
27282230
26871788
28436189
27733442
30115029
26597416
28222168
27100448
30724413
26944985
31678904
30286832
30959733
27585542
31175928
27117713
28678986
29040733
27603358
29757810
26825880
28369870
26277496
27236110
28246264
31111393
28005963
28829784
30791738
27641623
29480889
30368876
27336887
27555093
26405026
30298659
27958221
26701382
26937907
26395527
26703918
30629109
26871843
26959494
27264565
28277863
30690913
26274350
26945352
26854251
28726018
29980983
28692580
31416136
30335177
31378298
31978130
30460416
29121292
27590658
26333870
29136662
28319162
30531301
29119583
27519532
27086489
28509327
27661052
27166128
30150564
28414796
27274227
30398134
28286775
29343215
31074727
31277159
25691545
29723231
30184208
29149339
32408209
28701282
28300435
31629300
30675963
30732960
27661037
30103646
29097488
26390988
30161122
28594848
29146760
31390039
28375587
30235697
29133497
28112781
28663061
29951868
27821099
27130621
30921214
28296932
31201494
29396489
28857191
28494066
29395389
31648884
27670794
29884660
29561423
31651908
30271136
29657060
29924676
31577776
31032620
27270238
30338664
27930533
29183859
28599952
29777536
28232596
28542035
26962839
29120937
26956094
29907243
29938875
30001868
27537684
26581755
28763255
30001280
26523534
28863195
29714813
29342208
28330722
30236866
26477711
29368608
32353827
27517172
31914024
32332631
31427188
31509360
31358463
30009424
27368048
29395174
29666383
31284024
30496589
29253553
26731277
27749576
27321597
27195937
27111172
27399116
26429781
28321840
27281096
28693443
28194663
28963281
28492518
28699849
29439066
30419534
31802187
29104480
29533311
30402905
26630530
29796661
30677640
27017050
30075989
28190615
31644460
26446517
30655664
30101619
27439202
30572423
30721331
29863425
29486040
27141945
29606115
29185274
25991869
29287935
27618156
26751202
31627282
28342338
26874787
31054566
28471350
30904848
25987674
27512853
26721214
29073669
30101458
29048544
26886601
28890525
27100423
28774207
26994437
29661187
27624648
28072689
27817879
28532430
30580196
29405850
27287032
27440675
31045819
28661412
29065869
28477503
27307717
31694558
29366991
31091030
31480270
31077503
28376826
29433528
26873327
26937915
29794090
32275669
28688267
31108137
28622343
28137521
30274322
28306623
30876393
27100424
28291833
30244357
28834113
27455080
28520614
30002741
27036495
31048901
27761632
28858980
27626940
30335806
27476985
29066880
26962806
27015205
29395642
27832150
27669384
26845268
29077518
28332418
27631630
31209183
27062145
27543376
27533053
29933395
30615649
27682425
27052782
27807804
27728865
27390970
30223138
28786220
28178143
30571494
26844454
30278528
31580714
27428225
27636094
31124926
31056205
29889887
31180170
31181995
27764171
30818007
32384435
29691971
27631236
26549190
29490427
31047300
27895064
28816634
27196491
28719837
28089151
27585759
29060423
29663342
30134859
31194838
30943956
30832635
31518344
27368008
30412070
27124040
30974184
26946984
30968534
28658023
27562379
28046120
28298371
30528408
28129332
30295208
28340860
31437219
26746232
26846570
30681172
27044357
29544780
29953532
27035073
29396059
27015200
28964996
28994901
30819710
28420053
30325958
30867042
32049786
29315618
31064351
29512203
27175671
28874145
30919547
29121517
27768180
28599256
28536717
27626495
28151869
27135704
27277082
31527921
29920876
28927683
26938547
31319845
27032607
28646083
31484435
26825262
27368018
26601656
29227012
31569628
28537451
29548564
26012730
28742130
30059554
30681751
29372595
26969761
27281056
27865201
30855503
31593087
28963782
29943489
29419706
29079568
31265070
30342698
28771692
30560687
30139891
29926765
27857178
27766916
29633159
26986110
29310687
27343317
30354908
27117586
27111168
30946384
29383389
29303707
29210149
27478374
27749578
27843704
26694582
29771866
27732982
27990433
28988248
27060428
30317664
29185094
29032168
30281590
26289582
27891700
31035215
26640116
26799240
28494390
29224375
28383443
30477389
27368024
27448321
26945388
31613877
27149462
27647170
28895425
31331548
27133540
29068991
31073825
30002011
27100415
29963717
27583922
28296028
29366767
29793393
27997574
31335185
29258504
28697373
29541810
30018095
30049307
29621983
30985697
27052889
29667191
30943134
27852596
26886597
27663143
28002662
31240863
29329345
28810993
26825913
28280271
29753054
27472738
31759535
28202260
28583443
28849668
27082596
30762774
27284924
28858112
27062333
31369625
27495797
27485590
30201613
29503408
30423579
32271850
29567851
26823081
27388055
29710283
29239678
30366771
26910512
26786998
29551708
28253340
29725850
30676096
30308032
30371327
30022816
29995809
30628552
30003287
29885608
32195968
27100454
30359555
26962838
27922923
27858855
30126140
31382884
26716956
27015220
31521178
29335350
27537583
28121929
26523711
29049319
28561198
29020377
26837336
31221170
30954751
26822618
28648576
31237911
30119949
27015203
26986069
30645760
29056563
30130284
27399129
27576765
31382497
27702803
28288651
26900697
31996695
32549345
30779846
27546589
30819270
28560786
29518745
29567374
26538627
30648590
26899461
28359848
28801391
27532236
28968166
28894360
27068667
29352621
28384326
30037875
27520080
28857052
28537772
29674326
28355264
26945412
29393757
29137042
28346975
27828843
31141199
27281033
29110252
30762778
27029853
28873440
28055066
28356117
29879317
28804011
31350560
31392948
27790808
26631159
30075587
27724847
28214559
26819445
29850598
26735533
31261555
27541812
27128537
30823898
27175655
29770625
27340102
31327589
31073398
27957696
26658260
30306268
27057873
27603385
29102540
30653095
29032384
28973247
27044010
31103697
27232853
28041715
29149653
30281658
28025161
26560476
27389548
26310877
28846742
30265690
26563680
30020997
27195660
29307471
28125692
28834881
30745533
28429976
27910867
28885328
29368615
29622587
30371224
30836771
27055687
29931367
27399075
27442660
27496295
28160734
29736970
28756521
27625386
27135754
27196400
30592071
29081474
27538935
31647555
30337635
28814273
28256337
31487309
29218625
27019189
31601170
26752592
29385156
29042372
28139869
29086474
26825885
28389143
29100501
27765525
30375168
28038444
29491685
32545433
28522912
29472623
30503653
27497122
29885705
26696591
27906991
30417273
31124952
29174171
30096785
29613879
28118373
27096405
29428977
30882694
31702635
29054594
31218368
26847683
29559181
28590379
26732563
28450273
30984731
29306884
27798003
29031746
31289439
29860668
30788666
30579183
30306499
29301579
30611254
29282007
30168771
28802520
30201614
29488059
26799147
32627845
28154944
26885673
32155680
31121340
27862588
30518450
27495065
27529835
30680495
30360951
29619760
29559842
30420126
27100449
28291156
26817874
28067454
26730715
31536566
31215158
32007291
28413074
26650974
29187501
27135256
28645935
28599642
28088273
30720747
26765443
26286017
31071646
27930581
31547288
30690687
29578954
28727592
28682820
27855291
30075532
31491406
31498005
29053979
30286192
31208804
30087076
30600287
30426396
30835781
28159666
30586395
28639751
30335800
32596191
28489813
27355475
28370404
28449186
29029334
26446613
27988835
30575416
26928373
29304527
30052578
29661770
31409137
28122500
28979111
32469824
31923251
31408987
27193904
28246133
31118821
26768323
30593182
27127847
27495069
29844519
27599981
27923207
32543443
27128546
32166908
27743712
31213795
30834802
30670249
32360343
27836299
28985950
32613686
27118149
30409495
26687195
27483439
26932742
27115159
30953492
29845423
30913946
27380033
30982378
30245639
29490992
27603387
26924326
30762764
30060200
30932870
31258295
28882423
32005001
27583857
28318053
32351414
32260241
27221731
29108348
32090763
32228473
28507206
31262538
30591473
31785565
32056742
31046145
29397431
28011646
32289003
27643596
27747810
31814723
32466223
32653233
30142174
27413666
29740354
26566978
29720951
32116707
32247105
32350751
27858865
32553484
30705766
31704489
32013932
28436192
28578978
32441242
30895110
31815872
32621538
27122928
30895132
32628532
31890128
29114226
32545657
29123484
28552085
31601586
30449079
28828251
31722950
32309360
32011907
31815879
32506280
31114385
30816022
28417089
27224053
29861873
32650124
30895127
29731984
29209380
28629260
31354621
29228568
27022228
32604412
31297398
31989043
32489710
30961475
29608979
30472783
29108240
31133428
31319643
28912719
31656612
30766912
32009453
31181008
29213242
32194408
32126365
27547944
31178037
28388649
30941360
30928611
32385311
32396577
29867460
31528251
28389738
31541973
30895058
31383230
32670119
29156847
28928665
27578370
32543210
30518392
29285040
31474887
31085804
32340141
31833882
31322821
31481377
28039504
31802163
31867258
31788083
29026296
32662370
31822508
31493631
31646715
31259835
31781928
31282066
29886011
31739231
31230795
30208570
32574194
27671754
28881762
27723258
29089895
32188138
31920674
29213240
31927592
28814838
27912949
31892264
32257877
30736877
32429674
31630591
32147062
30018559
26738790
31892639
31802436
32192124
31764584
32442314
32223346
31890131
31888926
28474580
31771060
30327604
28262204
29872347
28860742
31971469
30114239
29285264
31268891
30262775
32183123
31138389
31711068
29416761
32276400
31460877
30205606
32560950
32182733
27716138
32060532
30826490
29408706
27030312
30895128
31753874
27847528
31897287
32056922
31326356
28769810
31076263
31831015
31699446
31231302
31441954
31301252
28494532
31220338
31878956
28123593
27977607
32637891
32671658
29113328
31096633
31736748
31619415
32197225
31635064
31058713
32152918
27939731
31974550
32294589
27265888
31427999
31462969
28789796
32581289
27536149
28748676
31474864
28691203
32149891
32583962
27660046
26809858
30058422
29428194
27482709
32269533
32457614
31496825
31438643
26701199
27302546
32392848
28981741
32561192
29287705
29515446
27174510
29579127
31080379
28408829
27835586
29178417
30927578
30532245
27554106
29095939
31307110
31714446
32058125
30997660
32138217
31325604
32034272
30479164
30093979
28789832
26512838
32565426
31726700
32242821
32282923
32189395
32098832
32631323
32390831
29167609
28081205
28386684
30530582
26989558
30813980
29432960
27057891
31717292
28948588
30100761
32193536
30213141
32128937
28362860
32603700
28782290
30373110
30097062
32415125
31959776
27893291
30288155
27513673
32580408
31438879
31901200
32450214
32565451
32222409
32639288
32028113
32028535
31323939
30922728
29750035
32160869
32009248
32078660
31733644
29187868
30375488
31572008
32360983
32188892
30366474
26904358
31311067
32059458
31519682
31785778
27062945
32000401
32083693
28951963
32472205
29066901
31153652
30945124
31903071
32567209
27684710
30481578
30633160
30913113
29296170
32629459
32115237
32110110
29452320
32088523
32006423
29295141
29280078
32235779
30973048
28759654
32310965
31837048
32148945
32534570
32122193
32021355
32505592
31183993
30535151
29716570
31960563
28594876
32664347
32398332
27631098
32431505
30716485
27986997
31517866
30174239
32525481
32224999
31236391
32421898
29138876
32042750
30580094
32111930
27884648
27698910
31112536
28268046
31110327
31112895
28254084
27057892
30400589
31782075
30499206
32249109
32494144
32268967
31813657
31606006
32631653
31582568
32395515
31969266
31075156
32443791
28892297
31718824
32623433
27672322
32503541
32664143
30584693
31660337
31762080
29718533
32585882
31177269
32464276
29541399
29451184
31948392
32466107
32628428
32212886
29416815
30233870
31782975
31607922
28414655
32173231
30469346
32252663
31887282
28260911
31937652
32122287
29113335
30717733
32031110
30319264
32153068
32298158
27872797
27989495
25809857
31324380
31991736
31347942
27076827
31291744
31890123
31369638
29142516
27744609
32039633
32012693
31918180
29088891
32385396
28272424
31899112
29130451
28344420
30158498
30430610
32429700
27028311
30059550
30666197
31354544
31816161
31918601
31733920
31443312
30662522
27184641
30466212
31771049
31548445
32565168
30114701
31805017
32042748
31477483
31377466
32046891
31240630
32141100
32161163
31506213
29953509
31266811
27029076
31688229
31739846
29180971
32374019
32575826
28028458
29695380
31204216
32013113
32204951
26765458
32176290
31417132
26296262
27550645
27690229
31785026
31992400
32029325
27471567
30794151
32213519
31652926
31903008
26898516
27801672
31833151
26687123
30238040
30397829
32152723
32051189
28177920
31833827
29163842
32120816
32138530
29142967
31729447
32331972
31767794
27091417
26745869
28532609
29435184
31935531
27453371
29108369
29130450
32643974
29480800
29784606
31992241
31820332
32570503
26853169
32399112
31884115
27699745
31990817
32124495
29296048
31263137
32046672
32414354
29796346
32401404
32590941
32032470
31544207
30212432
30271630
30123334
28549071
31558571
32139765
29942713
32502850
32043784
31509517
32536955
32507531
27362355
31695611
31382927
30375555
32151125
30804869
31538594
29703390
30666205
32429260
28438735
31823195
31135703
31666573
30154660
31900884
32595776
26613551
27061658
32132383
32110901
32175324
31821490
29707127
27368047
30141406
26426978
28840831
31853972
30044781
29805772
29456570
30253996
26683519
30713399
31878821
32583161
31086833
32076006
29806590
31013710
28968402
28476832
31496121
28969011
31191993
29719600
30848812
32098090
30976467
32321059
27766477
30474606
31409611
30214270
31691453
26917952
31024768
32456640
28262267
30797720
31947702
31920634
27241446
32183675
31268500
31800457
32187136
31885117
28532605
30003941
27892720
29911922
27118220
31200113
30632854
31156917
31565075
26404898
30232741
32015266
31932172
30311537
29207978
29761577
31396144
31973755
29492232
31104362
28744408
27330323
32675929
28929251
32080265
29290955
27234974
32580490
31210918
30804687
30481993
31998532
30042112
31163098
27923178
28496002
29348857
31907096
32193384
31505068
31271520
31292982
29162674
32448756
32481566
30464638
32469806
32377525
30982240
29492235
30245932
30991797
31887603
30930558
27657540
27654828
31311518
31800536
30937136
28729915
30107472
29651437
31989673
32290568
30872593
29113317
32527065
32318523
26623993
32295527
30568850
29113359
28955230
28927738
30829815
32192212
32482586
32182388
27900746
28384363
32377670
30402453
30666120
29995702
28596287
31932560
32576641
32483856
32512940
29928125
30952771
29108329
30352985
31076317
31715017
28417257
31593243
29113391
31428684
28860788
28008264
32641099
32499049
32390934
31925970
32479686
29158990
30174459
31633826
29552322
29107449
31300722
28497666
31427389
29734978
29403315
31941803
30017810
29538495
32446704
32375642
27854050
30865105
30678203
30579702
31490980
32565849
27610297
30173723
27612144
32678459
32614909
32090069
31949231
31464632
30578232
28840834
30214313
29854800
32110520
27930829
32629691
29054753
31022284
31569587
31395489
31423836
31895093
31374467
31418902
32606989
32576857
31867336
32235633
27078254
31892709
32340378
32295573
31870333
27433143
31175265
32664146
32221674
32546219
30708124
32121645
31652897
29778548
31165511
30568493
29207614
27862274
29861211
31759033
31395912
30955983
29720598
31079522
31711382
26412125
30518165
30183462
29660933
32103928
27906842
28708880
31664063
30918596
28658301
32429883
27542242
32492401
28803891
31349746
32481640
28301517
27437024
32434045
29861209
31846214
31809694
30920376
32333767
32169932
28789346
29862947
31386665
28692645
30227675
32370221
29193835
29999468
32041532
32009154
30355982
26848761
28916962
30555418
29146610
30481851
30967155
28591152
32240432
27611495
32593566
30349392
32252450
28078642
31604447
30923808
29351893
28570670
27122930
30638490
28384267
31356562
31258732
30922019
32404168
28757722
31964952
31022265
31017946
32188440
31644539
27199466
27706183
28460044
27603355
28319725
30355965
32318876
31775834
32269951
32120781
29929549
31871483
31249531
30669308
32168527
32513494
31919417
30071748
32470625
30373237
29915707
30964763
32185223
28503146
31602006
31213924
31892976
29881310
29880166
28398294
32502209
30895062
31594704
30500543
30314341
32547034
32178340
28840055
32334370
32602450
32456015
32609736
29551991
28604838
27822287
32094396
32504531
32133940
30340333
29726897
31168563
31337553
31581860
28280346
29163845
32503250
31466805
31567679
29623039
31778146
29191721
32165547
27631269
30038497
32070205
31483437
32015186
27796634
31867255
30188953
30019779
32393355
26359709
29593942
28915698
31811929
26063206
31331554
29075123
30395587
27015210
31296483
31407777
30349617
31474854
29435177
28803328
31910836
29971140
31384926
29548675
31390351
31941664
30233363
31628864
27531548
31067630
32481685
32511262
32243484
29234362
31781371
30915147
28799068
30343892
31655001
28903447
29238221
30233243
31814917
29541115
32064263
32629677
30037150
31777200
31572178
29295501
30833232
30175498
32224118
31323301
30376887
28969990
27502072
27368009
29524831
31484322
28502499
29321482
28755801
28501289
27175081
31852152
31954951
32092973
26844507
31422670
29285627
28977886
30604659
28851658
31745904
32086183
31928075
30775542
30366374
30560149
31394871
30349614
29050348
26742588
31336878
31244896
29187470
31126995
32086785
30739359
32580985
30283500
31019157
28729003
32190042
28115802
29293574
32514765
30304802
32139803
31833895
29138598
31498447
30991159
32143843
30314398
31530554
32329050
32503185
32647318
28057311
27655951
27659460
27249957
31714441
30638428
32103932
31688303
32044620
32287075
28762230
27537578
28158206
25888432
28601236
31507640
29019887
31787488
32217924
32563245
27581252
27030951
32221146
26986137
28932290
32355281
30934740
30558239
27225866
30412111
31581275
32557008
32389387
31578427
28376976
30964561
26696028
32664018
30405395
29643711
29892199
31688926
31494367
27171410
29593012
32408854
28081970
29484137
29405026
31592348
31516056
32162565
32096480
31001740
28502099
32389822
32569535
29311896
30009475
29564859
28829158
27939105
30200363
29036711
28944511
31923190
32384743
31923246
29137424
31542084
27758880
30540837
29569423
32649690
32499207
29995755
27713606
32606987
29382459
27986673
31446619
30786856
30942665
32037263
31324283
32565466
32045010
32386665
31979119
32478848
31412791
32052933
32568391
31499243
32301369
32050622
32664263
31371901
29375226
31100544
28894707
32545629
31545095
29927087
32396217
32621001
28602667
26962795
32184108
27609026
32456157
32488758
31010789
31958352
32214132
32206812
31319943
31115964
30634389
31565551
31900958
28969020
30787638
29068610
32121372
27608606
27564383
32326791
27057882
28963921
27858911
31551752
26795567
27393796
30213003
32384791
29484140
30458048
32379610
28965422
30809863
30369456
27788255
30943217
31867250
31133461
30142924
28711537
30681574
31827330
31289917
31328395
30133506
27699739
32368254
30940046
28643435
31170505
31488046
32110107
30893267
32511110
29950103
30322113
32411714
28393336
27480728
29708775
30993733
30646091
29460102
31805500
27686702
32106850
29038512
27621774
28931379
29555309
31689780
24686746
29794401
31037827
29581617
29912946
27852299
29269340
30501858
32551859
28486089
30375420
30044796
27257134
31496712
31944912
29216223
32661812
25634500
28157698
30869552
27906989
32509871
32104592
28005275
27645304
29228834
31301458
27981135
31058475
31766689
32143073
28930231
29700644
27148867
29903482
31492979
27800662
32646011
27917201
32421067
32473862
31910503
31884120
29852964
28674807
27154586
30220514
31764535
31817684
31405584
30573993
27067864
31835825
27332333
29389864
30143270
32639047
31334604
32615492
30949063
30944000
27334947
31471175
31714442
32228568
30876731
31847476
27164258
30241534
27282232
30712598
31960100
31551753
31635253
32153923
28284678
29477428
29186016
28054833
31192548
31753577
30713838
31258887
30895126
32235749
28359278
29973544
30488407
28755145
28836965
32114563
30408574
31503215
29200073
28254080
31958220
29489481
32112902
27925489
31855293
30373360
27492301
30924619
32572794
30284156
30003226
30321364
28717873
29857537
27829014
31806936
29766544
29746564
32512941
27265051
31425461
32102976
26350582
27473578
28056969
32096650
29271066
28946600
28099330
28679807
32569533
29514737
31415394
31520884
32525411
28734526
30569916
30924901
31518767
29132363
29928684
30766437
30471156
30212956
31783672
27043684
26725013
30968600
27125407
30423178
31002328
30292652
32105971
32421653
29873793
32459783
30506799
31699518
29982092
27588321
32295666
27426213
25559309
30986022
27227159
32520984
31931137
29248746
30113496
31619795
31493480
30971393
30208045
28093658
26595883
29413227
29359522
28146001
26844466
31881691
28189522
32149006
29961639
31314657
26050144
31008896
29934227
32149012
30200236
32367126
29369178
32285164
30290625
27305958
27399127
28410574
30700200
30982272
28732506
31696632
31910801
29359273
32060009
26264446
31517261
28967888
31517262
28918956
28964854
32523987
29145285
30675427
32399529
29304749
26508515
32369040
31101671
28283652
29111001
29450594
27087578
31544562
27866838
27600471
32546843
29899519
29632382
28898252
31553733
29059683
31197173
28483832
27291797
30342560
27459855
27344947
28775763
30487263
32332142
29058716
27432226
31911677
30496104
27885969